61920000000168889610
61920000012125896454
61933000013664223347
61933000000130348404
61933000013237514722
61782000000067106725
61782000000088150567
61782000000151046087
61782000000173383994
61920000013584561773
61920000000019712781
61920000013637328193
61945000000001646801
61933000013297534120
61933000000148062729
61933000000077815881
61933000000145618332
61931000000000680809
61880000000131445435
61880000000153775251
61283000000064692729
61283000000064692729
61283000000064692729
